-2 1 1 -0.327063 0 1.15519 0 -0.420687 0 -0.000645366 0 3.15575e-06 0 0.000744779 0 
-2 1 2 -0.499877 0 1.07007 0 -0.00202731 0 9.52566e-05 0 -0.00113681 0 -0.000136531 0 
-2 1 3 -0.349628 0 1.08278 0 0.49383 0 -0.000370508 0 -0.00117804 0 -8.66548e-05 0 
-2 1 4 -0.00277489 0 1.06492 0 0.770321 0 -0.000698248 0 0.000249936 0 0.000770148 0 
-2 1 5 0.587068 0 1.06204 0 0.386288 0 -0.000886886 0 0.0018133 0 0.000762026 0 
-2 1 6 0.497585 0 1.15195 0 -0.213606 0 -2.67626e-05 0 0.00179085 0 0.000160275 0 
-2 1 7 0.00879157 0 1.29039 0 -0.77397 0 -0.00015282 0 0.00199622 0 -0.000507145 0 
-2 1 8 -0.578648 0 2.30235 0 -0.5438 0 0.000164361 0 -0.00208515 0 0.00141627 0 
-2 1 9 -0.52298 0 0.927646 0 0.180821 0 -0.000824226 0 -0.00196818 0 0.00177254 0 
-2 1 10 -0.260112 0 1.13319 0 0.660266 0 0.000186678 0 0.000768885 0 0.000743298 0 
-2 1 11 0.0832314 0 0.91006 0 0.236505 0 -6.01547e-07 0 0.00364168 0 -9.05125e-05 0 
-2 1 12 0.0384435 0 1.01704 0 -0.299044 0 -9.14423e-05 0 0.00320093 0 -2.17304e-05 0 
-2 2 1 -0.366283 0 0.727527 0 -0.560443 0 -0.000613908 0 3.75101e-06 0 0.000317346 0 
-2 2 2 -0.371511 0 0.756107 0 -0.244557 0 -0.000292468 0 -0.00173417 0 -0.000877107 0 
-2 2 3 -0.388904 0 0.926431 0 0.380323 0 -0.00108326 0 -0.00171909 0 0.000121395 0 
-2 2 4 -0.0721157 0 1.16336 0 0.664247 0 -0.000270874 0 -0.000827672 0 0.000645831 0 
-2 2 5 0.550225 0 1.09279 0 0.374912 0 -0.000226618 0 0.00160321 0 -4.91578e-05 0 
-2 2 6 0.539349 0 1.31418 0 -0.219339 0 -0.000716075 0 0.0020137 0 -0.000203058 0 
-2 2 7 0.115378 0 1.302 0 -0.87053 0 -0.000527611 0 0.00141085 0 -7.16791e-05 0 
-2 2 8 -0.392909 0 1.13313 0 -0.697098 0 -7.86527e-05 0 -0.00284487 0 0.000379955 0 
-2 2 9 -0.370658 0 1.12332 0 0.064665 0 -8.65737e-05 0 -0.00219963 0 -0.000521433 0 
-2 2 10 -0.258268 0 1.2836 0 0.337862 0 -0.000218764 0 0.000621681 0 0.000680732 0 
-2 2 11 0.0201519 0 1.05656 0 0.168162 0 -0.000364416 0 0.00106212 0 6.51685e-05 0 
-2 2 12 0.0486321 0 1.13101 0 -0.367929 0 0.000247299 0 0.00276295 0 0.000238709 0 
-2 3 1 -0.193743 0 0.809607 0 -0.474672 0 -0.000525498 0 3.93746e-06 0 -1.22468e-05 0 
-2 3 2 -0.257983 0 1.05207 0 -0.0255969 0 -9.37225e-05 0 -0.00177667 0 0.000179369 0 
-2 3 3 -0.226324 0 0.906192 0 0.46715 0 -0.000575755 0 -0.00153365 0 0.00107367 0 
-2 3 4 0.00501663 0 1.09461 0 0.667561 0 -0.000925564 0 0.0007678 0 0.000760124 0 
-2 3 5 0.490772 0 0.991322 0 0.396825 0 0.000615087 0 0.00199675 0 0.000340703 0 
-2 3 6 0.563704 0 1.2142 0 -0.247885 0 -0.000242621 0 0.00178574 0 3.89088e-05 0 
-2 3 7 0.220757 0 1.15546 0 -0.699781 0 -0.000659965 0 0.00141083 0 -0.000124634 0 
-2 3 8 -0.219802 0 1.19423 0 -0.550406 0 0.000430376 0 -0.00186823 0 1.82663e-05 0 
-2 3 9 -0.246947 0 0.666605 0 0.163805 0 1.63408e-05 0 -0.00149925 0 -3.85242e-06 0 
-2 3 10 -0.224076 0 1.45607 0 0.466874 0 4.67904e-05 0 0.000730769 0 0.000326313 0 
-2 3 11 0.0347609 0 0.790242 0 0.217439 0 8.89821e-05 0 0.00248331 0 -0.000315426 0 
-2 3 12 0.0680061 0 0.911246 0 -0.309668 0 -0.000555719 0 0.00249886 0 0.000253954 0 
-2 4 1 0.0636569 0 1.04834 0 -0.550519 0 -0.000422012 0 3.5117e-06 0 -0.000289744 0 
-2 4 2 -0.0145119 0 0.971775 0 -0.309569 0 -0.000395744 0 -0.00138169 0 -0.00137442 0 
-2 4 3 -0.192695 0 0.890223 0 0.315213 0 -0.000409618 0 -0.0013827 0 0.000698658 0 
-2 4 4 0.176978 0 0.683592 0 0.334214 0 -2.83001e-05 0 0.00249753 0 0.000828709 0 
-2 4 6 0.41221 0 1.19427 0 -0.313981 0 0.000134996 0 0.000816774 0 0.000423844 0 
-2 4 7 0.22872 0 1.26448 0 -1.16396 0 4.33527e-05 0 -2.92829e-06 0 -0.000133989 0 
-2 4 8 -0.247964 0 1.08824 0 -0.422203 0 -0.000445994 0 -0.00147362 0 -0.000166213 0 
-2 4 9 -0.471672 0 1.10914 0 0.242197 0 0.000216759 0 -0.00185453 0 -0.00117851 0 
-2 4 10 -0.151315 0 0.834882 0 0.36804 0 -0.000516439 0 0.00140687 0 0.000338295 0 
-2 4 12 -0.0752007 0 0.475138 0 -0.362779 0 -0.000927623 0 0.00217934 0 -0.000438957 0 
-2 4 13 -0.117344 0 1.15677 0 0.450597 0 0.000271829 0 -0.00162945 0 0.00253207 0 
-2 4 14 -0.24361 0 0.91079 0 0.327854 0 -0.000721118 0 -0.000328571 0 0.000380345 0 
-1 1 1 0.160219 0 0.594792 0 -0.657237 0 -0.000133588 0 3.42819e-06 0 0.000422103 0 
-1 1 2 -0.460624 0 0.573996 0 -0.384258 0 8.06831e-05 0 -0.00134297 0 -8.22029e-05 0 
-1 1 3 -0.451486 0 0.578018 0 0.199814 0 0.000320139 0 -0.00194525 0 0.000675284 0 
-1 1 4 -0.225266 0 0.733307 0 0.642495 0 0.000219379 0 0.000716656 0 0.000224236 0 
-1 1 5 0.222493 0 0.676484 0 0.362726 0 -0.00061986 0 0.00194149 0 -0.000274567 0 
-1 1 6 0.19453 0 0.819906 0 0.0050311 0 -0.00023608 0 0.00197222 0 -0.000284188 0 
-1 1 7 0.00582372 0 1.06093 0 -0.319222 0 -0.000264131 0 0.00199723 0 -0.000545748 0 
-1 1 8 -0.26439 0 0.756974 0 -0.0755088 0 -0.000574646 0 -0.0024231 0 0.000170308 0 
-1 1 9 -0.230642 0 0.567864 0 0.589619 0 -0.000422075 0 -0.00234777 0 0.000232098 0 
-1 1 10 0.151065 0 0.302197 0 0.918886 0 0.000750078 0 0.0011013 0 1.00914e-05 0 
-1 1 11 0.627031 0 0.599382 0 0.345281 0 0.000255371 0 0.0026411 0 -3.46442e-05 0 
-1 1 12 0.556189 0 0.546237 0 -0.34982 0 -2.53622e-05 0 0.00260041 0 0.000277963 0 
-1 2 1 -0.0139005 0 0.393783 0 -0.819247 0 -0.000674219 0 3.40654e-06 0 -0.000283545 0 
-1 2 2 -0.401206 0 0.868214 0 -0.554109 0 -0.000120027 0 -0.00169827 0 0.000928016 0 
-1 2 3 -0.481923 0 0.660362 0 0.0159698 0 -0.000578437 0 -0.00190369 0 -0.000188471 0 
-1 2 4 -0.285291 0 0.667738 0 0.447069 0 -0.000423504 0 -0.000918781 0 0.000790524 0 
-1 2 5 0.0987733 0 0.618949 0 0.348753 0 0.000846012 0 0.000841284 0 0.00107829 0 
-1 2 6 0.176489 0 0.60344 0 -0.0941532 0 -0.000281845 0 0.00162218 0 0.000417231 0 
-1 2 7 0.155759 0 0.716861 0 -0.456135 0 -2.39311e-05 0 0.00141001 0 -0.000703812 0 
-1 2 8 -0.123171 0 0.904291 0 -0.269378 0 -0.000566307 0 -0.00246238 0 -0.000229261 0 
-1 2 9 -0.145268 0 0.913696 0 0.389167 0 -0.000673252 0 -0.00289403 0 3.49636e-05 0 
-1 2 10 0.202852 0 0.671799 0 0.627513 0 -4.7209e-06 0 8.67476e-05 0 0.00046759 0 
-1 2 11 0.593162 0 0.562552 0 0.180293 0 -0.000856244 0 0.00127775 0 -0.00014086 0 
-1 2 12 0.416893 0 0.434683 0 -0.437458 0 -0.000304546 0 0.00301115 0 -0.000212598 0 
-1 3 1 -0 0 0.0 0 -0.0 0 -0.0 0 -0.0 0 0.0 0 
-1 3 2 -0.328169 0 0.612561 0 -0.511483 0 -0.000108557 0 -0.0011347 0 0.0012926 0 
-1 3 3 -0.338259 0 0.545398 0 0.166601 0 -0.000218832 0 -0.00114556 0 0.000611881 0 
-1 3 4 -0.118881 0 0.847184 0 0.436952 0 4.38808e-05 0 -0.000337422 0 0.00088934 0 
-1 3 5 0.175146 0 0.820549 0 0.310512 0 0.000111461 0 0.00135717 0 0.000465326 0 
-1 3 6 0.659024 0 0.732084 0 0.0267825 0 -0.000480392 0 0.00145528 0 0.000578806 0 
-1 3 7 0.30767 0 0.701196 0 -0.711289 0 -0.000115208 0 -3.70456e-06 0 1.57915e-06 0 
-1 3 8 0.0618406 0 0.828993 0 -0.224311 0 9.30495e-05 0 -0.0022422 0 -0.000743681 0 
-1 3 9 0.0615862 0 0.649808 0 0.446075 0 -0.000144983 0 -0.00193879 0 6.8682e-05 0 
-1 3 10 0.239774 0 0.649077 0 0.702706 0 -0.000432604 0 0.000593333 0 0.000497308 0 
-1 3 11 0.469812 0 0.581716 0 0.354917 0 -0.000349382 0 0.00204629 0 0.000177573 0 
-1 4 1 0.141658 0 0.685518 0 -0.739165 0 -0.00106527 0 3.39205e-06 0 -0.000396607 0 
-1 4 2 -0.0390922 0 0.477968 0 -0.588304 0 -0.00080712 0 -0.000872908 0 0.000222075 0 
-1 4 3 -0.061882 0 0.882102 0 -0.069492 0 -0.000161261 0 -0.00130906 0 0.00134868 0 
-1 4 4 0.178005 0 0.788578 0 0.211783 0 0.000532771 0 -0.000356069 0 0.00127746 0 
-1 4 5 0.233419 0 0.789593 0 0.431319 0 0.000740623 0 0.000156525 0 0.00042736 0 
-1 4 6 0.237654 0 1.11643 0 -0.0299118 0 0.000184424 0 0.000481133 0 -0.00053242 0 
-1 4 7 0.182719 0 0.972695 0 -0.201386 0 8.48178e-05 0 -2.82638e-06 0 0.000309925 0 
-1 4 8 -0.0556588 0 0.380524 0 -0.160249 0 -0.000491381 0 -0.00134318 0 -0.000396847 0 
-1 4 10 0.196968 0 0.851607 0 0.58825 0 -0.000453135 0 0.00048841 0 4.8287e-05 0 
-1 4 11 0.580408 0 0.453994 0 0.365317 0 -0.000114984 0 0.00212587 0 -0.00020759 0 
-1 4 12 0.164471 0 0.336895 0 -0.451732 0 -9.18039e-05 0 0.00137767 0 0.000249737 0 
-1 4 14 0.170095 0 0.606468 0 0.788833 0 -0.000574557 0 0.000411934 0 0.000186606 0 
0 1 1 -0.155484 0 0.0776142 0 -0.776308 0 -7.73906e-05 0 4.83895e-06 0 0.000500407 0 
0 1 2 0.677937 0 -0.0667891 0 -0.129384 0 0.00021569 0 0.00271859 0 0.000279582 0 
0 1 3 0.66106 0 -0.0797692 0 0.762676 0 -0.000147079 0 0.00245512 0 0.000402291 0 
0 1 4 -0.118568 0 0.311863 0 1.28017 0 -9.78412e-05 0 -0.0003826 0 0.000501999 0 
0 1 5 0.556264 0 0.186296 0 0.744781 0 0.000124122 0 0.00359108 0 0.000368064 0 
0 1 6 -0.573974 0 -0.0136036 0 -0.110504 0 1.3501e-05 0 -0.0029254 0 0.000196173 0 
0 1 7 -0.0144796 0 -0.710384 0 -0.908915 0 -0.000373786 0 -0.0020035 0 -0.000261012 0 
0 1 8 -0.640375 0 1.56843 0 -0.663787 0 0.000396243 0 -0.00404254 0 -0.000306111 0 
0 1 9 -0.583221 0 0.109492 0 0.459434 0 -0.00026949 0 -0.00352121 0 -0.000272604 0 
0 1 10 0.0546965 0 -0.0436861 0 1.06421 0 0.000222184 0 0.000960314 0 -0.000573393 0 
0 1 11 -0.135146 0 0.620711 0 0.634681 0 0.00023765 0 -0.00483619 0 0.000149423 0 
0 1 12 0.356865 0 0.176448 0 -0.402791 0 0.000146475 0 0.00403708 0 0.000327523 0 
0 2 1 -0.269069 0 0.189519 0 -0.828438 0 -0.000624362 0 3.31871e-06 0 -0.000111559 0 
0 2 2 0.700973 0 -0.0139916 0 -0.296632 0 0.000227988 0 0.00262841 0 0.00062207 0 
0 2 3 0.66506 0 -0.177972 0 0.659045 0 0.000100868 0 0.00262301 0 0.00137541 0 
0 2 4 0.0112437 0 0.326662 0 1.08748 0 -0.000328097 0 -0.00100841 0 0.000169025 0 
0 2 5 0.573635 0 0.235236 0 0.687884 0 -2.95375e-05 0 0.00282167 0 0.000203718 0 
0 2 6 -0.539467 0 -0.0486449 0 -0.203667 0 -0.000370217 0 -0.0025382 0 0.000534037 0 
0 2 7 0.0144109 0 -0.144697 0 -0.900726 0 0.000221083 0 -0.00200532 0 0.000600423 0 
0 2 8 -0.474499 0 0.483869 0 -0.746081 0 6.99077e-05 0 -0.00344651 0 1.08471e-05 0 
0 2 9 -0.499202 0 1.53293 0 0.31812 0 -0.000244828 0 -0.00321215 0 -5.42512e-06 0 
0 2 10 0.253501 0 0.015821 0 0.955438 0 -0.00035973 0 0.00063388 0 -0.000281417 0 
0 2 11 -0.0510586 0 0.0772496 0 0.554119 0 0.000477441 0 -0.00374036 0 7.3498e-05 0 
0 2 12 0.329632 0 0.149119 0 -0.422195 0 -0.000411688 0 0.00389641 0 0.000176543 0 
0 3 1 -0.343247 0 0.0408877 0 -0.872032 0 0.000186997 0 4.28418e-06 0 0.000592234 0 
0 3 2 0.56036 0 -0.101239 0 -0.247217 0 -0.000283988 0 0.00198885 0 0.00119205 0 
0 3 3 0.428778 0 -0.0916779 0 0.686831 0 0.000205443 0 0.00178102 0 0.000373677 0 
0 3 4 0.0997204 0 0.429701 0 1.12843 0 -0.000190289 0 -0.000214068 0 0.00067208 0 
0 3 5 0.635443 0 0.482123 0 0.629315 0 0.000849847 0 0.00221848 0 -0.000105527 0 
0 3 6 -0.489994 0 -0.200164 0 -0.272257 0 -0.000184221 0 -0.00283448 0 0.000251199 0 
0 3 7 0.0165817 0 -0.201624 0 -1.17124 0 0.000339814 0 -3.58432e-06 0 0.000114715 0 
0 3 8 -0.545463 0 0.345763 0 -0.567763 0 -1.73819e-05 0 -0.00259091 0 1.3123e-05 0 
0 3 9 -0.453757 0 0.334781 0 0.467858 0 0.000260491 0 -0.00253288 0 0.000562153 0 
0 3 10 0.0390961 0 -0.033922 0 0.960175 0 0.000296173 0 0.000121851 0 -0.000203416 0 
0 3 11 -0.278455 0 -0.0184553 0 0.484357 0 0.000100665 0 -0.00239911 0 -0.000418124 0 
0 3 12 0.357773 0 -0.0685962 0 -0.450297 0 -0.000388275 0 0.00340902 0 0.000125734 0 
0 4 1 -0.0893933 0 -0.00993522 0 -0.641908 0 -0.000123396 0 3.27883e-06 0 0.000563438 0 
0 4 2 0.358335 0 -0.0798405 0 -0.369088 0 -3.42178e-05 0 0.000978918 0 0.000214544 0 
0 4 3 0.203278 0 1.20032 0 0.390921 0 0.000518475 0 0.00211813 0 0.000307487 0 
0 4 4 0.356522 0 0.331771 0 0.803764 0 -0.000159341 0 -0.000533993 0 -0.000216969 0 
0 4 5 0.587651 0 0.362059 0 0.461063 0 -5.53631e-06 0 0.000917054 0 2.14611e-05 0 
0 4 6 -0.513825 0 -0.164075 0 -0.425121 0 -0.000390565 0 -0.00214323 0 -0.000370229 0 
0 4 7 0.0249031 0 -0.317805 0 -1.06831 0 -0.000863523 0 -2.83896e-06 0 -0.000382973 0 
0 4 8 -0.541285 0 0.383822 0 -0.956131 0 0.000190386 0 0.000709768 0 -2.02649e-05 0 
0 4 9 -0.462385 0 0.428302 0 0.569355 0 -2.76319e-05 0 -0.00252303 0 -6.88099e-06 0 
0 4 10 -0.0335106 0 0.0397086 0 0.938522 0 -0.000734908 0 0.000164251 0 6.63375e-05 0 
0 4 11 -0.305241 0 0.0755816 0 0.393657 0 0.000474725 0 -0.000113973 0 -0.00064002 0 
0 4 12 0.318198 0 -0.0956711 0 -0.263278 0 -0.000254829 0 0.00234075 0 -0.000615402 0 
1 1 1 -0.0312798 0 0.341999 0 -0.717405 0 0.00033686 0 3.79687e-06 0 0.000826274 0 
1 1 2 0.48851 0 0.495923 0 -0.401804 0 0.00163353 0 0.00275542 0 -0.000645001 0 
1 1 3 0.590262 0 0.151926 0 0.296634 0 7.15343e-06 0 0.00145893 0 0.000695188 0 
1 1 4 0.151433 0 0.15276 0 0.704273 0 0.00022499 0 -0.000627612 0 0.000149218 0 
1 1 5 -0.195999 0 0.27978 0 0.384232 0 0.00022659 0 -0.00225817 0 0.000794502 0 
1 1 6 -0.11871 0 0.104534 0 -0.0501492 0 -5.29845e-05 0 -0.00165557 0 -3.64984e-05 0 
1 1 7 0.121976 0 0.318305 0 -0.427822 0 8.57917e-05 0 -0.00141728 0 0.000662883 0 
1 1 8 0.557751 0 0.0376383 0 -0.0800317 0 -0.000435293 0 0.00248439 0 0.000154883 0 
1 1 9 0.329906 0 0.126886 0 0.615445 0 -2.09397e-05 0 0.00196682 0 0.00026257 0 
1 1 10 -0.177036 0 0.333441 0 0.839798 0 -5.31294e-05 0 0.000809714 0 -3.2199e-06 0 
1 1 11 -0.544641 0 0.361108 0 0.378619 0 -0.000102775 0 -0.00273519 0 -7.23938e-05 0 
1 1 12 -0.699375 0 0.428802 0 -0.46353 0 0.000531305 0 -0.00203184 0 0.000670373 0 
1 2 1 -0.0251266 0 0.56922 0 -0.835623 0 0.00014152 0 3.74605e-06 0 0.000211606 0 
1 2 2 0.547748 0 0.443612 0 -0.500289 0 0.000246881 0 0.00218328 0 0.000870623 0 
1 2 3 0.55323 0 0.381148 0 0.114643 0 -0.000285537 0 0.00222162 0 0.000356571 0 
1 2 4 0.201949 0 0.139929 0 0.439037 0 5.97831e-06 0 4.69591e-05 0 -0.000427296 0 
1 2 5 -0.112147 0 0.275712 0 0.407501 0 -0.000318239 0 -0.00222952 0 0.000157039 0 
1 2 6 -0.0932338 0 0.335149 0 -0.121812 0 -0.000403963 0 -0.00174125 0 0.000111875 0 
1 2 7 0.0373034 0 -0.111764 0 -0.666632 0 1.40358e-05 0 -4.68618e-06 0 6.7747e-05 0 
1 2 8 0.500659 0 0.276301 0 -0.237377 0 -0.000287527 0 0.00309031 0 0.000181033 0 
1 2 9 0.430975 0 0.17623 0 0.48314 0 -0.000254316 0 0.00245146 0 0.000150162 0 
1 2 10 -0.131687 0 0.540203 0 0.746481 0 5.03721e-05 0 0.000217047 0 0.000230882 0 
1 2 11 -0.125521 0 0.457311 0 0.337962 0 2.66791e-05 0 -0.0024257 0 0.000246901 0 
1 2 12 -0.264365 0 0.530633 0 -0.405105 0 0.000850891 0 -0.00206976 0 -5.19786e-05 0 
1 3 1 0.0594915 0 0.581659 0 -0.74989 0 0.000717047 0 3.1356e-06 0 0.000248071 0 
1 3 2 0.502016 0 0.299975 0 -0.435569 0 0.000647016 0 0.00159097 0 0.00101311 0 
1 3 3 0.353091 0 0.250881 0 0.204842 0 5.53403e-05 0 0.00186822 0 0.000280811 0 
1 3 4 0.0804065 0 0.190448 0 0.509924 0 -0.000610291 0 -0.000273722 0 0.000333291 0 
1 3 5 -0.13741 0 0.246566 0 0.390467 0 0.000267771 0 -0.00152787 0 -0.000212896 0 
1 3 6 -0.317491 0 0.270604 0 -0.0806171 0 -0.000100552 0 -0.00178882 0 8.05615e-05 0 
1 3 7 0.0136811 0 0.307231 0 -0.607723 0 0.000305653 0 -3.64906e-06 0 0.000102896 0 
1 3 8 0.396827 0 0.142383 0 -0.199902 0 -0.000344022 0 0.00217782 0 0.000154561 0 
1 3 9 0.228664 0 0.0786572 0 0.552178 0 0.00041363 0 0.0018453 0 -0.00136406 0 
1 3 10 -0.336221 0 0.423711 0 0.743739 0 0.000431775 0 -0.000140511 0 -0.000470937 0 
1 3 11 -0.285577 0 0.514418 0 0.267792 0 0.000584753 0 -0.00184498 0 -0.000239626 0 
1 3 12 -0.422739 0 0.313732 0 -0.513479 0 0.000323672 0 -0.00206925 0 -1.25887e-05 0 
1 4 1 -0.122634 0 0.512071 0 -0.785326 0 0.000891218 0 3.46934e-06 0 0.000183115 0 
1 4 2 0.147963 0 0.345927 0 -0.467348 0 0.0011196 0 0.00082671 0 0.000165106 0 
1 4 3 0.0726967 0 0.176753 0 0.260659 0 0.000637665 0 0.0013492 0 -0.000466433 0 
1 4 4 -0.119424 0 0.410952 0 0.389342 0 5.31743e-05 0 0.0010625 0 0.000509619 0 
1 4 5 -0.123744 0 0.164839 0 0.43994 0 -0.000256707 0 -0.000900167 0 -6.09887e-05 0 
1 4 6 -0.230521 0 0.208443 0 -0.215615 0 -0.000309511 0 -0.00130189 0 -0.000752447 0 
1 4 7 -0.0428086 0 0.440241 0 -0.434847 0 -0.000573539 0 -3.22252e-06 0 -9.02745e-05 0 
1 4 8 0.0677912 0 0.22801 0 -0.114234 0 -0.000101006 0 0.00129885 0 -0.000344921 0 
1 4 9 0.241455 0 0.140078 0 0.565426 0 -2.5606e-05 0 0.00225909 0 5.72537e-05 0 
1 4 10 -0.258037 0 0.403164 0 0.527717 0 -3.94657e-05 0 -0.00154999 0 -0.000478829 0 
1 4 11 -0.683046 0 0.138628 0 0.386616 0 0.00083966 0 -0.000545239 0 -7.73346e-05 0 
1 4 12 -0.50267 0 0.512361 0 -0.407582 0 0.00157924 0 -0.000806927 0 -0.000831212 0 
1 4 13 -0.0626781 0 0.0710772 0 0.385275 0 8.23612e-05 0 0.000307526 0 0.000120251 0 
1 4 14 -0.261063 0 0.715057 0 0.477711 0 -3.99632e-05 0 0.00114092 0 -0.00150725 0 
2 1 1 0.0105203 0 0.76128 0 -0.576288 0 0.000222726 0 3.25748e-06 0 2.52345e-05 0 
2 1 2 0.343694 0 0.757856 0 -0.272765 0 0.000417419 0 0.00155224 0 -0.000245683 0 
2 1 3 0.738495 0 0.581348 0 0.347364 0 -6.76512e-05 0 0.00158288 0 0.00017968 0 
2 1 4 0.0294778 0 0.570689 0 0.589504 0 0.00067843 0 -0.000512798 0 0.000395566 0 
2 1 5 -0.289218 0 0.425491 0 0.301507 0 -0.000437183 0 -0.0020431 0 -0.000102683 0 
2 1 6 -0.206183 0 0.565206 0 -0.243419 0 -0.000252911 0 -0.0022022 0 -4.00344e-05 0 
2 1 7 0.0710622 0 0.189843 0 -0.696363 0 -0.000593037 0 -4.135e-06 0 7.81545e-05 0 
2 1 8 0.490191 0 0.388898 0 -0.221581 0 -0.000546029 0 0.00259865 0 -0.000132423 0 
2 1 9 0.474776 0 0.522668 0 0.424762 0 5.15313e-05 0 0.00221369 0 0.000164941 0 
2 1 10 -0.0218896 0 0.745423 0 0.805824 0 8.3165e-06 0 0.000235603 0 -0.000432474 0 
2 1 11 -0.219614 0 0.599852 0 0.348195 0 -0.00021647 0 -0.00231143 0 7.0059e-05 0 
2 1 12 -0.274611 0 0.827835 0 -0.359202 0 -5.25651e-05 0 -0.00236768 0 -0.000535288 0 
2 2 1 0.217799 0 0.768362 0 -0.858064 0 0.000926638 0 3.15822e-06 0 0.000529048 0 
2 2 2 0.603837 0 0.762582 0 -0.421414 0 0.000282112 0 0.00187749 0 0.0002759 0 
2 2 3 0.600893 0 0.721933 0 0.127623 0 0.000139886 0 0.0018978 0 0.000557274 0 
2 2 4 0.124463 0 0.740326 0 0.440178 0 -0.000418563 0 -0.000158506 0 0.000366568 0 
2 2 5 -0.0516465 0 0.764602 0 0.297008 0 -0.00150593 0 -0.00164157 0 0.000341688 0 
2 2 6 -0.129061 0 1.01002 0 -0.29301 0 -0.00032592 0 -0.00140868 0 -0.000151135 0 
2 2 7 -0.00304527 0 0.347925 0 -0.650207 0 -0.000297683 0 -0.00141699 0 0.00059625 0 
2 2 8 0.610927 0 0.420903 0 -0.452615 0 -0.00032093 0 0.00265587 0 0.00010936 0 
2 2 9 0.601923 0 0.489281 0 0.335402 0 -0.000271984 0 0.00261221 0 -0.000403653 0 
2 2 10 0.196115 0 0.724476 0 0.735497 0 0.000221186 0 0.000168411 0 -0.000412778 0 
2 2 11 -0.0134994 0 0.773571 0 0.389732 0 0.000661068 0 -0.00215585 0 0.000121294 0 
2 2 12 -0.0293964 0 1.22878 0 -0.345741 0 0.000116773 0 -0.00263599 0 0.000114538 0 
2 3 1 0.276401 0 0.772148 0 -0.626682 0 0.000599398 0 3.81816e-06 0 0.000597114 0 
2 3 2 0.471577 0 0.632658 0 -0.287826 0 0.0003464 0 0.000998612 0 0.000747102 0 
2 3 3 0.656367 0 0.712158 0 0.244768 0 0.000238554 0 0.00146886 0 0.000277124 0 
2 3 4 0.00914437 0 0.518668 0 0.485276 0 -0.000261675 0 -0.000293322 0 -0.000260186 0 
2 3 5 -0.24245 0 0.55083 0 0.285586 0 -0.000628945 0 -0.0018199 0 -0.000127026 0 
2 3 6 -0.248245 0 0.242596 0 -0.214197 0 0.000166916 0 -0.00181895 0 -0.000713459 0 
2 3 7 0.114437 0 0.432868 0 -0.617093 0 0.000515446 0 -0.00141692 0 0.00020101 0 
2 3 8 0.53433 0 0.3711 0 -0.345275 0 -0.000349624 0 0.00198325 0 -5.72948e-05 0 
2 3 9 0.453296 0 0.521731 0 0.344928 0 -0.000140862 0 0.00164978 0 -0.000346583 0 
2 3 10 0.166673 0 0.741414 0 0.730371 0 0.000352045 0 0.000165695 0 -0.00021577 0 
2 3 11 -0.0232952 0 0.538857 0 0.335054 0 0.000843389 0 -0.00301756 0 0.0003661 0 
2 3 12 0.046772 0 0.588409 0 -0.355896 0 0.000589555 0 -0.00254235 0 -0.000103394 0 
2 4 1 0.0585173 0 0.770602 0 -0.737799 0 0.000214368 0 3.50774e-06 0 0.00131272 0 
2 4 3 0.168707 0 0.633635 0 0.1687 0 0.000419904 0 0.0010742 0 0.000564155 0 
2 4 5 -0.121756 0 0.67863 0 0.195605 0 -0.000726973 0 -0.00139238 0 0.00012061 0 
2 4 6 0.12625 0 0.71604 0 -0.250868 0 6.36172e-05 0 -0.000546546 0 -0.000357323 0 
2 4 7 0.0353479 0 0.176448 0 -0.826498 0 0.000401306 0 -3.73685e-06 0 0.000687362 0 
2 4 8 0.339782 0 0.716238 0 -0.283364 0 -0.00062371 0 0.00137689 0 -0.000665113 0 
2 4 9 0.588992 0 0.589305 0 0.44431 0 -6.15324e-05 0 0.00174727 0 -0.000885277 0 
2 4 10 0.14842 0 0.532281 0 0.710842 0 0.000230962 0 -0.000749112 0 -0.000706501 0 
2 4 11 -0.0840893 0 1.12718 0 0.394861 0 0.000843014 0 -0.00332399 0 6.80963e-05 0 
2 4 12 -0.0256029 0 0.744947 0 -0.241913 0 0.000581202 0 -0.00153916 0 -0.00050651 0 
2 4 13 0.138094 0 0.540653 0 0.460189 0 4.89396e-05 0 -0.000283628 0 0.000488684 0 
2 4 14 0.444439 0 0.822415 0 0.757197 0 0.000749629 0 -0.00130432 0 -0.00136159 0 
2 4 14 0.444439 0 0.822415 0 0.757197 0 0.000749629 0 -0.00130432 0 -0.00136159 0 
