-2 1 1 -0.308152 0 1.29042 0 -0.404686 0 -0.000559402 0 3.01522e-06 0 0.000678424 0 
-2 1 2 -0.467338 0 1.18439 0 0.00568108 0 0.000151168 0 -0.00124465 0 -9.28248e-05 0 
-2 1 3 -0.319299 0 1.21576 0 0.49342 0 -0.000272655 0 -0.00123101 0 -2.8243e-06 0 
-2 1 4 -0.00157217 0 1.19397 0 0.768296 0 -0.000607271 0 0.000201844 0 0.000532802 0 
-2 1 5 0.570876 0 1.18715 0 0.387113 0 -0.000652955 0 0.00200001 0 0.000650174 0 
-2 1 6 0.496188 0 1.25321 0 -0.22315 0 3.22883e-05 0 0.00189463 0 0.000201964 0 
-2 1 7 -0.00495365 0 1.4005 0 -0.840764 0 -0.000125131 0 0.00244563 0 -0.000515871 0 
-2 1 8 -0.615994 0 2.40997 0 -0.589052 0 0.000207368 0 -0.00207715 0 0.00147392 0 
-2 1 9 -0.579493 0 1.05944 0 0.157607 0 -0.000813381 0 -0.00199818 0 0.00185809 0 
-2 1 10 -0.318123 0 1.28856 0 0.663312 0 0.000210848 0 0.00082295 0 0.000841113 0 
-2 1 11 0.0777414 0 1.09021 0 0.300487 0 0.000195199 0 0.0035149 0 -0.000438253 0 
-2 1 12 0.0734103 0 1.18683 0 -0.267654 0 -0.000166888 0 0.00328043 0 -0.000442226 0 
-2 2 1 -0.359442 0 0.902565 0 -0.525081 0 -0.000488834 0 3.75702e-06 0 0.000284247 0 
-2 2 2 -0.350159 0 0.93881 0 -0.230495 0 -0.000198606 0 -0.00171232 0 -0.000831713 0 
-2 2 3 -0.357927 0 1.07899 0 0.380047 0 -0.00104111 0 -0.00177557 0 8.8228e-05 0 
-2 2 4 -0.0515808 0 1.31319 0 0.651589 0 -0.000171815 0 -0.000756804 0 0.00062323 0 
-2 2 5 0.559399 0 1.23404 0 0.358113 0 -7.85829e-05 0 0.00163313 0 -8.94116e-05 0 
-2 2 6 0.545085 0 1.43183 0 -0.232158 0 -0.000651132 0 0.0020595 0 -0.000255394 0 
-2 2 7 0.109842 0 1.41138 0 -0.884915 0 -0.000518416 0 0.0014107 0 -7.51615e-05 0 
-2 2 8 -0.427051 0 1.25315 0 -0.745236 0 -8.57742e-05 0 -0.00286276 0 0.000411405 0 
-2 2 9 -0.426551 0 1.2581 0 0.0419813 0 -0.000115748 0 -0.00221587 0 -0.000449844 0 
-2 2 10 -0.314531 0 1.43066 0 0.357333 0 -0.000200749 0 0.000545824 0 0.000753983 0 
-2 2 11 -0.0246946 0 1.31336 0 0.336782 0 -0.00013292 0 0.00172204 0 -0.000224614 0 
-2 2 12 0.0541311 0 1.31769 0 -0.30639 0 0.000323717 0 0.00296794 0 1.34276e-05 0 
-2 3 1 -0.207961 0 0.976221 0 -0.445485 0 -0.000415331 0 4.02696e-06 0 -4.01613e-05 0 
-2 3 2 -0.270134 0 1.19812 0 -0.028227 0 -0.000121716 0 -0.001661 0 0.000154891 0 
-2 3 3 -0.213702 0 1.07191 0 0.465395 0 -0.000443376 0 -0.00151527 0 0.000806625 0 
-2 3 4 0.0526837 0 1.25388 0 0.654255 0 -0.000883502 0 0.000781796 0 0.000913701 0 
-2 3 5 0.529024 0 1.13457 0 0.371458 0 0.000588969 0 0.0018352 0 0.000372264 0 
-2 3 6 0.576861 0 1.34243 0 -0.266188 0 -0.000169885 0 0.00180359 0 -0.000118193 0 
-2 3 7 0.208825 0 1.28055 0 -0.81289 0 -0.000669207 0 0.00199682 0 -0.000178585 0 
-2 3 8 -0.255135 0 1.31016 0 -0.599565 0 0.00036236 0 -0.00186614 0 5.95716e-06 0 
-2 3 9 -0.302911 0 0.794479 0 0.138856 0 -1.4856e-05 0 -0.00151179 0 6.58589e-05 0 
-2 3 10 -0.283335 0 1.61478 0 0.485901 0 4.79294e-05 0 0.000643786 0 0.000429256 0 
-2 3 11 -0.0240843 0 0.98788 0 0.269857 0 8.68517e-05 0 0.00241301 0 4.58622e-05 0 
-2 3 12 0.0283076 0 1.10528 0 -0.262025 0 -0.000551474 0 0.00269592 0 0.000320452 0 
-2 4 1 0.028432 0 1.23914 0 -0.483923 0 -0.000337025 0 3.61984e-06 0 -0.000314155 0 
-2 4 2 -0.0452271 0 1.11536 0 -0.300082 0 -0.000522875 0 -0.00117816 0 -0.00140071 0 
-2 4 3 -0.199315 0 1.02591 0 0.320036 0 -0.000307958 0 -0.00132853 0 0.00021704 0 
-2 4 4 0.202357 0 0.840335 0 0.312928 0 -2.85273e-05 0 0.00253368 0 0.000662904 0 
-2 4 6 0.433724 0 1.33357 0 -0.333153 0 0.000221806 0 0.000836733 0 0.000149866 0 
-2 4 7 0.195814 0 1.42875 0 -1.28929 0 -1.73561e-06 0 -2.99909e-06 0 -4.4989e-05 0 
-2 4 8 -0.280085 0 1.20608 0 -0.470593 0 -0.000445988 0 -0.00145968 0 -0.00022726 0 
-2 4 9 -0.530913 0 1.22776 0 0.218785 0 8.76187e-05 0 -0.00191335 0 -0.00111763 0 
-2 4 10 -0.218002 0 0.967157 0 0.376204 0 -0.000506261 0 0.00145991 0 0.000422094 0 
-2 4 13 0.0586918 0 1.35187 0 0.41335 0 0.000191693 0 -0.00186338 0 0.00168903 0 
-2 4 14 -0.270861 0 1.11474 0 0.384916 0 -0.000509982 0 -0.000258575 0 0.000195437 0 
-1 1 1 0.165749 0 0.690205 0 -0.648551 0 -0.00014964 0 3.3925e-06 0 0.000336576 0 
-1 1 2 -0.455766 0 0.673098 0 -0.376323 0 0.000148671 0 -0.00125918 0 -0.000111807 0 
-1 1 3 -0.440141 0 0.662455 0 0.191553 0 0.000335073 0 -0.00199608 0 0.000649039 0 
-1 1 4 -0.218874 0 0.814444 0 0.617603 0 0.000324492 0 0.000917816 0 0.000191011 0 
-1 1 5 0.211149 0 0.752278 0 0.340022 0 -0.000511916 0 0.00190808 0 -0.000318348 0 
-1 1 6 0.176273 0 0.880841 0 -0.0101756 0 -0.0002184 0 0.00203006 0 -0.000441295 0 
-1 1 7 0.000527418 0 1.1125 0 -0.332619 0 -0.000251992 0 0.00199709 0 -0.000434023 0 
-1 1 8 -0.290947 0 0.823819 0 -0.11926 0 -0.00060578 0 -0.00243308 0 0.000189451 0 
-1 1 9 -0.274861 0 0.641135 0 0.56655 0 -0.000474199 0 -0.00233735 0 0.000280836 0 
-1 1 10 0.102786 0 0.386043 0 0.926978 0 0.000715028 0 0.00100936 0 3.81157e-05 0 
-1 1 11 0.594668 0 0.692793 0 0.383999 0 0.000227552 0 0.00259041 0 2.64419e-05 0 
-1 1 12 0.551323 0 0.648021 0 -0.31252 0 5.62406e-06 0 0.00278351 0 0.000236093 0 
-1 2 1 -0.0111478 0 0.482568 0 -0.791705 0 -0.000637128 0 3.34342e-06 0 -0.000215505 0 
-1 2 2 -0.393909 0 0.968117 0 -0.543655 0 -5.01524e-05 0 -0.0016882 0 0.000949019 0 
-1 2 3 -0.473431 0 0.766371 0 0.0146769 0 -0.000540416 0 -0.0019002 0 -0.000207667 0 
-1 2 4 -0.27675 0 0.752523 0 0.423923 0 -0.000405204 0 -0.000798929 0 0.000720702 0 
-1 2 5 0.092737 0 0.701483 0 0.319832 0 0.000891938 0 0.00081598 0 0.0010137 0 
-1 2 6 0.164058 0 0.665803 0 -0.112204 0 -0.000239003 0 0.00166412 0 0.000301961 0 
-1 2 7 0.151994 0 0.784051 0 -0.472158 0 6.033e-06 0 0.00141 0 -0.000613096 0 
-1 2 8 -0.146727 0 0.962307 0 -0.314111 0 -0.00059449 0 -0.00246643 0 -0.000217106 0 
-1 2 9 -0.188178 0 0.978618 0 0.365243 0 -0.000720309 0 -0.00290782 0 6.10914e-05 0 
-1 2 10 0.158757 0 0.743397 0 0.635841 0 -3.56821e-05 0 1.18096e-05 0 0.000506014 0 
-1 2 11 0.541674 0 0.614451 0 0.235433 0 -0.000825826 0 0.00131943 0 0.00020999 0 
-1 2 12 0.407771 0 0.529741 0 -0.396102 0 -0.000230356 0 0.00318028 0 -9.92252e-05 0 
-1 3 2 -0.309324 0 0.720845 0 -0.500773 0 -0.000120558 0 -0.00118857 0 0.00124548 0 
-1 3 3 -0.329937 0 0.649152 0 0.153678 0 -9.96861e-05 0 -0.00116861 0 0.000529967 0 
-1 3 4 -0.1178 0 0.933194 0 0.418625 0 5.50102e-05 0 -0.000326464 0 0.000744438 0 
-1 3 5 0.176063 0 0.891855 0 0.293864 0 1.0412e-05 0 0.00148291 0 0.00039213 0 
-1 3 6 0.65007 0 0.802438 0 0.00602259 0 -0.000454453 0 0.00147717 0 0.000498555 0 
-1 3 7 0.309442 0 0.768686 0 -0.761079 0 -6.53277e-05 0 -3.60508e-06 0 -1.92444e-06 0 
-1 3 8 0.035977 0 0.891082 0 -0.272242 0 9.7893e-05 0 -0.00221234 0 -0.000729646 0 
-1 3 9 0.0153919 0 0.712942 0 0.417203 0 -0.000216972 0 -0.00193184 0 7.38576e-05 0 
-1 3 10 0.185864 0 0.720866 0 0.703777 0 -0.000439776 0 0.000581184 0 0.000516513 0 
-1 3 11 0.439927 0 0.665283 0 0.395074 0 -0.000356982 0 0.00198284 0 0.000393984 0 
-1 4 1 0.123115 0 0.806376 0 -0.681096 0 -0.000995247 0 3.35611e-06 0 -5.27564e-05 0 
-1 4 2 -0.0246073 0 0.547741 0 -0.570048 0 -0.000821124 0 -0.000962777 0 0.000234301 0 
-1 4 3 -0.0556579 0 0.916845 0 -0.0659404 0 -0.000102852 0 -0.00127447 0 0.0012143 0 
-1 4 4 0.169443 0 0.870227 0 0.185661 0 0.000500114 0 -0.000215067 0 0.00115526 0 
-1 4 5 0.238303 0 0.839804 0 0.423717 0 0.00065459 0 0.000260432 0 0.000380257 0 
-1 4 6 0.231938 0 1.19331 0 -0.0528369 0 0.000195314 0 0.00049502 0 -0.000576072 0 
-1 4 7 0.191485 0 1.02359 0 -0.224458 0 0.000106829 0 -2.75571e-06 0 0.000248832 0 
-1 4 8 -0.0846112 0 0.442005 0 -0.208222 0 -0.000432407 0 -0.00130728 0 -0.000365434 0 
-1 4 10 0.135259 0 0.915195 0 0.586503 0 -0.000516126 0 0.000514576 0 0.000105897 0 
-1 4 11 0.545668 0 0.529659 0 0.442137 0 -0.000133721 0 0.0023783 0 -7.48482e-05 0 
-1 4 12 0.113716 0 0.587504 0 -0.36893 0 0.00039212 0 0.00142957 0 0.000945988 0 
-1 4 14 0.0750206 0 0.706898 0 0.776272 0 -0.000418616 0 0.000505679 0 -8.04057e-05 0 
0 1 1 -0.155484 0 0.0776142 0 -0.776308 0 -7.73906e-05 0 4.83895e-06 0 0.000500407 0 
0 1 2 0.679878 0 -0.0716179 0 -0.148282 0 0.000140607 0 0.0025014 0 0.000277975 0 
0 1 3 0.662475 0 -0.103417 0 0.737478 0 -0.000245287 0 0.00241825 0 0.000353529 0 
0 1 4 -0.131259 0 0.306559 0 1.22213 0 -4.67614e-05 0 -5.65376e-05 0 0.000379855 0 
0 1 5 0.518305 0 0.184569 0 0.702978 0 6.27344e-05 0 0.00342168 0 0.00028093 0 
0 1 6 -0.521358 0 -0.00700491 0 -0.140359 0 6.35672e-05 0 -0.00323776 0 0.000135192 0 
0 1 7 -0.0351378 0 -0.691938 0 -1.00854 0 -0.000324057 0 -0.0014177 0 -0.000187548 0 
0 1 8 -0.64741 0 1.5635 0 -0.712576 0 0.000414917 0 -0.0040307 0 -0.000211814 0 
0 1 9 -0.613843 0 0.143338 0 0.422741 0 -0.000252805 0 -0.00357433 0 -0.000190612 0 
0 1 10 0.0965794 0 -0.0719987 0 1.04457 0 0.000197419 0 0.000881266 0 -0.00052271 0 
0 1 11 -0.117571 0 0.592853 0 0.639256 0 0.000139438 0 -0.00454374 0 0.000206741 0 
0 1 12 0.356958 0 0.208898 0 -0.38053 0 0.000239544 0 0.00418398 0 0.000327261 0 
0 2 1 -0.255318 0 0.191022 0 -0.817817 0 -0.000596555 0 3.2439e-06 0 -0.000139506 0 
0 2 2 0.696538 0 -0.0454035 0 -0.306025 0 0.000147922 0 0.00256666 0 0.000620432 0 
0 2 3 0.667412 0 -0.210117 0 0.639061 0 -3.35098e-07 0 0.00258616 0 0.00133191 0 
0 2 4 -0.00515556 0 0.335279 0 1.05291 0 -0.000280005 0 -0.000907347 0 5.03536e-05 0 
0 2 5 0.540479 0 0.232029 0 0.657168 0 -7.16655e-05 0 0.00277894 0 0.000137461 0 
0 2 6 -0.499787 0 -0.0333067 0 -0.213579 0 -0.000314168 0 -0.00259996 0 0.00050086 0 
0 2 7 0.00022558 0 -0.125988 0 -0.942187 0 0.000282134 0 -0.00200517 0 0.000659792 0 
0 2 8 -0.482439 0 0.486093 0 -0.790434 0 7.16593e-05 0 -0.00342658 0 9.11185e-05 0 
0 2 9 -0.53312 0 1.54175 0 0.286157 0 -0.000248015 0 -0.00325024 0 3.12151e-05 0 
0 2 10 0.297258 0 -0.0072624 0 0.953822 0 -0.000364844 0 0.000687896 0 -0.000251688 0 
0 2 11 -0.0317803 0 0.0544639 0 0.578828 0 0.000423274 0 -0.00366893 0 0.000111777 0 
0 2 12 0.329796 0 0.180811 0 -0.394192 0 -0.000355678 0 0.00397984 0 0.000169549 0 
0 3 1 -0.332572 0 0.0615825 0 -0.844071 0 0.000200816 0 4.33165e-06 0 0.00063065 0 
0 3 2 0.552244 0 -0.154022 0 -0.234017 0 -0.000352771 0 0.00212839 0 0.0011886 0 
0 3 3 0.439466 0 -0.119852 0 0.676134 0 0.000100383 0 0.00161138 0 0.000333647 0 
0 3 4 0.0710248 0 0.44212 0 1.10579 0 -0.000142971 0 -0.000258129 0 0.000588289 0 
0 3 5 0.608788 0 0.470031 0 0.635519 0 0.000790624 0 0.00243532 0 -0.000164866 0 
0 3 6 -0.459042 0 -0.174292 0 -0.272575 0 -0.00010316 0 -0.00279475 0 0.000235576 0 
0 3 7 0.0140939 0 -0.193804 0 -1.22012 0 0.00037457 0 -3.63059e-06 0 8.50419e-05 0 
0 3 8 -0.560681 0 0.337498 0 -0.614457 0 -2.63816e-05 0 -0.00258091 0 6.01842e-05 0 
0 3 9 -0.49312 0 0.341771 0 0.434024 0 0.000250467 0 -0.00254106 0 0.000598863 0 
0 3 10 0.0886223 0 -0.0551796 0 0.953825 0 0.000312203 0 0.000161784 0 -0.000184229 0 
0 3 11 -0.255917 0 -0.0489499 0 0.534976 0 6.99145e-05 0 -0.00256855 0 -0.000409413 0 
0 3 12 0.352515 0 -0.0297749 0 -0.419999 0 -0.000362133 0 0.00341909 0 0.000132706 0 
0 4 1 -0.0749958 0 0.0231238 0 -0.589806 0 -6.72467e-05 0 3.16717e-06 0 0.000624515 0 
0 4 2 0.342911 0 -0.111892 0 -0.328848 0 -0.000169014 0 0.00126036 0 0.000230287 0 
0 4 3 0.220897 0 1.16393 0 0.396262 0 0.000408423 0 0.00192207 0 0.000295359 0 
0 4 4 0.320476 0 0.362505 0 0.778701 0 -0.000103412 0 -0.000468015 0 -0.000298981 0 
0 4 5 0.565346 0 0.329176 0 0.496158 0 -8.27085e-05 0 0.00120797 0 4.06556e-06 0 
0 4 6 -0.484487 0 -0.13451 0 -0.399964 0 -0.000291633 0 -0.0019699 0 -0.000375356 0 
0 4 7 0.0245082 0 -0.294336 0 -1.13803 0 -0.000659528 0 -2.87901e-06 0 -0.00038124 0 
0 4 8 -0.56422 0 0.368169 0 -1.00465 0 0.000189358 0 0.000717806 0 1.63648e-05 0 
0 4 9 -0.506451 0 0.441185 0 0.534954 0 -2.97847e-05 0 -0.0025565 0 1.7516e-05 0 
0 4 10 0.0202778 0 0.0208189 0 0.928734 0 -0.000726959 0 0.000141312 0 6.9792e-05 0 
0 4 11 -0.283448 0 0.0391413 0 0.592561 0 0.000412184 0 -0.00208345 0 -0.000670955 0 
0 4 12 0.313279 0 -0.0590432 0 -0.226916 0 -0.000270919 0 0.0023407 0 -0.00064156 0 
0 4 13 0.390756 0 -1.55946 0 1.01077 0 0.000295788 0 0.00140278 0 -0.000450159 0 
1 1 1 -0.0233864 0 0.460339 0 -0.716371 0 0.000345917 0 3.83353e-06 0 0.00070235 0 
1 1 2 0.497201 0 0.617417 0 -0.403375 0 0.00177839 0 0.00264793 0 -0.000692204 0 
1 1 3 0.600977 0 0.278595 0 0.285595 0 0.000110951 0 0.00134934 0 0.000689944 0 
1 1 4 0.167479 0 0.265104 0 0.697073 0 0.000221866 0 -0.000564758 0 0.000220775 0 
1 1 5 -0.172179 0 0.375807 0 0.387116 0 0.000310248 0 -0.0022628 0 0.000960441 0 
1 1 6 -0.0800077 0 0.19251 0 -0.0504549 0 8.80279e-05 0 -0.00190891 0 -6.25217e-05 0 
1 1 7 0.105125 0 0.376213 0 -0.448719 0 0.000238656 0 -0.00141725 0 0.000729338 0 
1 1 8 0.561841 0 0.108973 0 -0.117532 0 -0.00041733 0 0.00248245 0 0.00015485 0 
1 1 9 0.356724 0 0.187588 0 0.588376 0 -6.29225e-05 0 0.00198645 0 0.000295808 0 
1 1 10 -0.13367 0 0.398912 0 0.825533 0 1.87868e-05 0 0.000676609 0 -8.18038e-05 0 
1 1 11 -0.516693 0 0.43842 0 0.397988 0 -6.96208e-05 0 -0.00261177 0 -0.00014914 0 
1 1 12 -0.684441 0 0.517206 0 -0.439344 0 0.000552384 0 -0.00215945 0 0.000593617 0 
1 2 1 -0.0247635 0 0.688023 0 -0.839704 0 0.000237542 0 3.60894e-06 0 0.000134757 0 
1 2 2 0.551733 0 0.59336 0 -0.504076 0 0.00037958 0 0.00210548 0 0.000802429 0 
1 2 3 0.561047 0 0.521054 0 0.101573 0 -0.000216388 0 0.00214204 0 0.000386161 0 
1 2 4 0.220445 0 0.262884 0 0.43323 0 6.9051e-05 0 9.30599e-05 0 -0.000352274 0 
1 2 5 -0.0910156 0 0.385291 0 0.409856 0 -0.000219489 0 -0.00224917 0 0.000244371 0 
1 2 6 -0.0815649 0 0.420397 0 -0.112218 0 -0.000298225 0 -0.00178911 0 0.000279474 0 
1 2 7 0.0243539 0 -0.0349418 0 -0.695338 0 8.68766e-05 0 -4.60489e-06 0 7.47666e-05 0 
1 2 8 0.508086 0 0.348422 0 -0.270804 0 -0.000272419 0 0.00308831 0 0.000193242 0 
1 2 9 0.457608 0 0.242104 0 0.458671 0 -0.000300191 0 0.00245725 0 0.000204324 0 
1 2 10 -0.0937606 0 0.602794 0 0.74073 0 1.34058e-05 0 0.000226054 0 0.000230875 0 
1 2 11 -0.0984642 0 0.525022 0 0.35767 0 -5.91984e-05 0 -0.00237608 0 0.000178701 0 
1 2 12 -0.254579 0 0.617677 0 -0.382817 0 0.000797049 0 -0.00215346 0 -0.000120088 0 
1 3 1 0.0569806 0 0.715234 0 -0.754811 0 0.000721062 0 3.08491e-06 0 0.000206172 0 
1 3 2 0.503074 0 0.439245 0 -0.437682 0 0.00064294 0 0.00162503 0 0.000948484 0 
1 3 3 0.364414 0 0.389654 0 0.188706 0 0.00011247 0 0.00176109 0 0.000368042 0 
1 3 4 0.105699 0 0.323018 0 0.49793 0 -0.000576326 0 -0.000217712 0 0.000394383 0 
1 3 5 -0.116815 0 0.364521 0 0.391163 0 0.000349727 0 -0.00153363 0 -0.000221606 0 
1 3 6 -0.299807 0 0.365533 0 -0.0736487 0 -9.54231e-05 0 -0.00177874 0 8.56956e-05 0 
1 3 7 -0.00118086 0 0.420627 0 -0.649296 0 0.000304638 0 -3.69673e-06 0 0.000160486 0 
1 3 8 0.412187 0 0.211664 0 -0.235998 0 -0.000336901 0 0.00216783 0 0.000194702 0 
1 3 9 0.261927 0 0.13722 0 0.523265 0 0.000326878 0 0.00181295 0 -0.00129765 0 
1 3 10 -0.292822 0 0.471624 0 0.738699 0 0.000352515 0 -6.65746e-05 0 -0.000432498 0 
1 3 11 -0.257011 0 0.567534 0 0.295454 0 0.000412788 0 -0.00194761 0 -0.00028337 0 
1 3 12 -0.410975 0 0.396725 0 -0.489142 0 0.000295751 0 -0.00210114 0 -5.44625e-05 0 
1 4 1 -0.128348 0 0.635278 0 -0.790697 0 0.000879368 0 3.47e-06 0 0.000163932 0 
1 4 2 0.14754 0 0.505283 0 -0.467961 0 0.00109054 0 0.00086663 0 0.000117985 0 
1 4 3 0.0814672 0 0.312058 0 0.248041 0 0.000620909 0 0.00125693 0 -0.000311031 0 
1 4 4 -0.0928154 0 0.540295 0 0.366217 0 2.72688e-05 0 0.000997525 0 0.000605655 0 
1 4 5 -0.100714 0 0.298095 0 0.443095 0 -0.000277572 0 -0.000908167 0 -0.00015701 0 
1 4 6 -0.215879 0 0.327299 0 -0.180835 0 -0.000278499 0 -0.0011721 0 -0.000783842 0 
1 4 7 -0.023168 0 0.518657 0 -0.493182 0 -0.000631545 0 -3.21835e-06 0 -0.000254335 0 
1 4 8 0.0924692 0 0.289613 0 -0.15502 0 -8.28027e-05 0 0.00130886 0 -0.000273379 0 
1 4 9 0.279212 0 0.19549 0 0.536343 0 -0.000158387 0 0.00221874 0 0.000135887 0 
1 4 10 -0.213438 0 0.438525 0 0.51121 0 -0.000180457 0 -0.00157101 0 -0.000442302 0 
1 4 11 -0.649155 0 0.155147 0 0.422825 0 0.000595637 0 -0.000831754 0 -9.65928e-05 0 
1 4 12 -0.491229 0 0.60448 0 -0.380178 0 0.00150229 0 -0.00083095 0 -0.000824217 0 
1 4 13 -0.0266568 0 0.208729 0 0.384053 0 0.000152398 0 0.000227672 0 0.000190017 0 
1 4 14 -0.170112 0 0.775025 0 0.480273 0 -0.000193453 0 0.00126479 0 -0.000931188 0 
2 1 1 0.036493 0 0.923723 0 -0.569292 0 0.000223556 0 3.18406e-06 0 3.56559e-05 0 
2 1 2 0.366748 0 0.931246 0 -0.254529 0 0.000513328 0 0.00148433 0 -0.000287519 0 
2 1 3 0.753689 0 0.777376 0 0.358314 0 6.11818e-05 0 0.00140969 0 0.00015512 0 
2 1 4 0.0436167 0 0.766261 0 0.604267 0 0.000912399 0 -0.000379809 0 0.000355422 0 
2 1 5 -0.305457 0 0.609117 0 0.342295 0 -0.000116571 0 -0.00194855 0 0.000112331 0 
2 1 6 -0.278664 0 0.710743 0 -0.214498 0 -2.09714e-05 0 -0.00202086 0 2.30399e-05 0 
2 1 7 0.04209 0 0.337554 0 -0.728554 0 -0.000323937 0 -4.1886e-06 0 0.000137397 0 
2 1 8 0.492747 0 0.522838 0 -0.247001 0 -0.000422142 0 0.00262253 0 -0.00015012 0 
2 1 9 0.497105 0 0.650667 0 0.404062 0 0.000177389 0 0.00221367 0 0.00011937 0 
2 1 10 0.0198204 0 0.867922 0 0.807808 0 2.73092e-05 0 0.000299711 0 -0.000319053 0 
2 1 11 -0.152983 0 0.721758 0 0.369271 0 -0.000226549 0 -0.00253858 0 5.95389e-05 0 
2 1 12 -0.224804 0 0.966502 0 -0.328057 0 3.8834e-05 0 -0.00255292 0 -0.000652064 0 
2 2 1 0.234763 0 0.950479 0 -0.851614 0 0.00101372 0 3.19765e-06 0 0.000441785 0 
2 2 2 0.617752 0 0.959809 0 -0.404644 0 0.000388933 0 0.00181164 0 0.000218269 0 
2 2 3 0.608483 0 0.928758 0 0.133534 0 0.000288892 0 0.00178464 0 0.000504714 0 
2 2 4 0.136554 0 0.965132 0 0.45403 0 -0.000202504 0 -4.56213e-05 0 0.000343934 0 
2 2 5 -0.0595605 0 0.982047 0 0.344216 0 -0.00121617 0 -0.00153661 0 0.000471187 0 
2 2 6 -0.150812 0 1.18904 0 -0.257959 0 -0.000169367 0 -0.00145448 0 0.000149206 0 
2 2 7 -0.00404907 0 0.498366 0 -0.664417 0 -0.000185623 0 -0.00141701 0 0.000528311 0 
2 2 8 0.619007 0 0.5668 0 -0.470359 0 -0.000200032 0 0.00262396 0 6.54891e-05 0 
2 2 9 0.61824 0 0.632336 0 0.312371 0 -0.000236917 0 0.00259372 0 -0.00035495 0 
2 2 10 0.22744 0 0.854809 0 0.723955 0 0.000129268 0 9.73132e-05 0 -0.000320272 0 
2 2 11 0.0269493 0 0.909465 0 0.393659 0 0.000565247 0 -0.00220539 0 6.52997e-05 0 
2 2 12 -0.00337542 0 1.36778 0 -0.33032 0 5.39796e-05 0 -0.00270773 0 4.98947e-05 0 
2 3 1 0.289585 0 0.955761 0 -0.620595 0 0.000619153 0 3.8211e-06 0 0.000455796 0 
2 3 2 0.480901 0 0.843978 0 -0.281103 0 0.000473288 0 0.000978662 0 0.000649232 0 
2 3 3 0.663059 0 0.94007 0 0.244457 0 0.000357426 0 0.00140186 0 0.000203813 0 
2 3 4 0.0246252 0 0.765659 0 0.49238 0 -7.17013e-05 0 -0.000202284 0 -0.000242767 0 
2 3 5 -0.231584 0 0.795613 0 0.319986 0 -0.000408801 0 -0.00176677 0 -0.000111152 0 
2 3 6 -0.244534 0 0.434423 0 -0.200278 0 0.000199383 0 -0.00198437 0 -0.000448072 0 
2 3 7 0.134777 0 0.591653 0 -0.636579 0 0.000546546 0 -0.00141691 0 0.000209771 0 
2 3 8 0.553368 0 0.527437 0 -0.369513 0 -0.000248837 0 0.0019435 0 -0.000120347 0 
2 3 9 0.468749 0 0.66968 0 0.322887 0 -8.97456e-05 0 0.00164869 0 -0.000175616 0 
2 3 10 0.171525 0 0.862232 0 0.720986 0 0.000200224 0 0.00013372 0 -0.000208793 0 
2 3 11 -0.00956171 0 0.643521 0 0.335032 0 0.000597546 0 -0.00290006 0 0.00029246 0 
2 3 12 0.0569298 0 0.730872 0 -0.338858 0 0.000460805 0 -0.00263992 0 -0.000166346 0 
2 4 1 0.064722 0 0.93892 0 -0.728431 0 0.000242356 0 3.50914e-06 0 0.00111904 0 
2 4 3 0.177377 0 0.862865 0 0.161304 0 0.00046383 0 0.00109261 0 0.000494256 0 
2 4 5 -0.0963479 0 0.940477 0 0.211178 0 -0.000575887 0 -0.00141077 0 7.18058e-06 0 
2 4 6 0.146085 0 0.893908 0 -0.261376 0 3.35509e-05 0 -0.00078038 0 -0.000209061 0 
2 4 7 0.0751445 0 0.338285 0 -0.857878 0 0.000361411 0 -3.77272e-06 0 0.000748437 0 
2 4 8 0.370229 0 0.908393 0 -0.31549 0 -0.000508814 0 0.00135695 0 -0.000757651 0 
2 4 9 0.602923 0 0.741671 0 0.418679 0 -3.31207e-05 0 0.0017417 0 -0.000602538 0 
2 4 10 0.158142 0 0.6545 0 0.712815 0 0.000202567 0 -0.000538081 0 -0.000526786 0 
2 4 11 -0.101305 0 1.1536 0 0.384483 0 0.00038032 0 -0.00315466 0 -3.57411e-05 0 
2 4 12 -0.031703 0 0.872666 0 -0.244722 0 0.000459084 0 -0.00156116 0 -0.000538011 0 
2 4 13 0.156088 0 0.819162 0 0.480959 0 0.000242876 0 -0.000342765 0 0.000516647 0 
2 4 14 0.365637 0 0.934977 0 0.742392 0 0.000595673 0 -0.00115744 0 -0.000604232 0 
2 4 14 0.365637 0 0.934977 0 0.742392 0 0.000595673 0 -0.00115744 0 -0.000604232 0 
